    SC.BYD -174.62729  -57.49898    0.00000 1 1 1 1 1
    SC.HMS  -54.47121  136.64403    0.00000 1 1 1 1 1
    SC.HYS  180.69418  231.57361    0.00000 1 1 1 1 1
    SC.JJS  -39.59103  295.42291    0.00000 1 1 1 1 1
    SC.JYA  -99.83156  161.57798    0.00000 1 1 1 1 1
    SC.LBO -136.34587   -6.73283    0.00000 1 1 1 1 1
    SC.MBI -139.20083   56.29166    0.00000 1 1 1 1 1
    SC.MDS -185.06584  193.77541    0.00000 1 1 1 1 1
    SC.MGU -178.99799   -0.04999    0.00000 1 1 1 1 1
    SC.MNI -273.17717    2.31723    0.00000 1 1 1 1 1
    SC.XSB -247.40212  -50.40199    0.00000 1 1 1 1 1
    SC.YYC -265.96676  -51.51085    0.00000 1 1 1 1 1
    YN.ZAT -122.93316 -112.17867    0.00000 1 1 1 1 1
    GZ.BJT   38.59822 -121.44899    0.00000 1 1 1 1 1
    GZ.WNT  -65.27950 -158.59989    0.00000 1 1 1 1 1
    CQ.ROC   46.90376  115.28369    0.00000 1 1 1 1 1
    CQ.CQT  156.53587  120.99732    0.00000 1 1 1 1 1
    CQ.WAS  190.88529   60.84182    0.00000 1 1 1 1 1
    YN.QIJ -200.32245 -156.88100    0.00000 1 1 1 1 1
    SC.AYU   36.31553  189.82545    0.00000 1 1 1 1 1
    CQ.FUL  239.71316  156.13711    0.00000 1 1 1 1 1
    YN.YAJ  -71.58246  -25.08606    0.00000 1 1 1 1 1